827.11832 34
828.11536 0.6
828.12168 13.2
828.12459 0.2
829.11537 88.2
829.11872 0.2
829.12503 2.5
829.12795 0.1
830.11241 1.6
830.11873 34.3
830.12164 0.6
830.12839 0.3
831.11242 100
831.11577 0.6
831.12208 6.5
831.125 0.2
832.10946 1.8
832.11578 38.9
832.11869 0.7
832.11912 0.1
832.12544 0.8
833.10947 64.8
833.11282 0.7
833.11913 7.4
833.12205 0.3
833.12879 0.1
834.10651 1.2
834.11283 25.2
834.11574 0.5
834.11617 0.1
834.12249 0.9
834.1254 0.1
835.10652 26.2
835.10987 0.5
835.11618 4.8
835.1191 0.2
835.12584 0.1
836.10356 0.5
836.10988 10.2
836.11279 0.2
836.11322 0.1
836.11954 0.6
837.10357 6.8
837.10692 0.2
837.11323 1.9
837.11615 0.1
837.12289 0.1
838.10061 0.1
838.10693 2.6
838.11659 0.2
839.10062 1.1
839.11028 0.5
840.10398 0.4
840.11364 0.1
841.09767 0.1
841.10733 0.1
